0.07 -183.4 0.005 2
0.13 -124.1 0.005 2
0.15 -124.3 0.005 2
0.16 -124.3 0.005 2
0.17 -124.1 0.005 2
0.19 -127.7 0.005 2
0.25 -122 0.005 2
0.28 -120 0.005 2
0.32 -123.5 0.005 2
0.38 -134.2 0.005 2
0.41 -134.7 0.005 2
0.47 -133.6 0.005 2
0.51 -136.7 0.005 2
0.52 -136.4 0.005 2
0.56 -135.4 0.005 2
0.61 -122.4 0.005 2
0.63 -120 0.005 2
0.67 -122.4 0.005 2
0.68 -122.6 0.005 2
0.69 -123.3 0.005 2
0.72 -124.4 0.005 2
0.78 -126.8 0.005 2
0.87 -128.5 0.005 2
1 -130.4 0.005 2
1.12 -131.3 0.005 2
1.22 -133.6 0.005 2
1.31 -136.9 0.005 3
1.42 -136.6 0.005 3
1.5 -138.1 0.005 3
1.63 -140 0.02 3
1.75 -134.1 0.01 3
1.78 -53 0.1 10
1.93 2.8 0.01 1.5
2.06 20	0.01 2
2.1 21.2 0.02 2
2.16 24	0.01 3
2.22 25	0.01 1
2.26 26.5 0.01 2
2.33 27.4 0.03 3
2.42 37.5 0.03 3
2.46 30.1 0.02 2
2.49 30.4 0.03 2
