706.5 0 173.08 0.02
706.5 0 173.05 0.02
706.5 0 173.17 0.02
706.5 0 173.07 0.02
667.8 0 173.25 0.02
667.8 0 173.17 0.02
667.8 0 173.30 0.02
667.8 0 173.28 0.02
587.5 0 173.85 0.02
587.5 0 173.83 0.02
587.5 0 173.80 0.02
587.5 0 173.82 0.02
504.8 0 174.67 0.02
504.8 0 174.65 0.02
504.8 0 174.72 0.02
504.8 0 174.75 0.02
501.6 0 174.85 0.02
501.6 0 174.90 0.02
501.6 0 174.80 0.02
501.6 0 174.85 0.02
492.1 0 175.00 0.02
492.1 0 174.97 0.02
492.1 0 174.97 0.02
492.1 0 174.98 0.02
471.3 0 175.37 0.02
471.3 0 175.42 0.02
471.3 0 175.33 0.02
471.3 0 175.35 0.02
447.1 0 175.83 0.02
447.1 0 175.78 0.02
447.1 0 175.87 0.02
447.1 0 175.85 0.02
438.8 0 176.03 0.02
438.8 0 176.02 0.02
438.8 0 176.00 0.02
438.8 0 176.00 0.02